4294967294,0
4294967278,29
4294967278,28
4294967278,32
4294967278,31
4294967278,30
4294967279,567
4294967278,398
4294967279,162
4294967278,37
4294967278,36
4294967278,35
4294967278,34
4294967278,33
4294967278,154
4294967278,152
4294967279,151
4294967278,435
4294967279,150
4294967278,150
4294967279,148
4294967294,18
4294967294,127
4294967294,14
4294967294,126
4294967294,20
4294967294,13
4294967279,147
4294967278,38
4294967279,288
4294967279,141
4294967279,559
4294967278,40
4294967278,39
4294967279,287
4294967279,134
4294967278,41
4294967279,271
4294967279,270
4294967279,348
4294967279,254
4294967278,42
4294967278,368
4294967278,257
4294967278,43
4294967278,46
4294967278,45
4294967278,44
4294967278,358
4294967278,357
4294967278,324
4294967278,254
4294967278,49
4294967278,48
4294967278,47
4294967278,253
4294967278,250
4294967278,248
4294967278,246
4294967278,244
4294967278,242
4294967278,240
4294967278,51
4294967278,50
4294967278,238
4294967278,237
4294967278,53
4294967278,52
4294967278,232
4294967278,60
4294967278,59
4294967278,58
4294967278,57
4294967278,56
4294967278,55
4294967278,54
4294967279,81
4294967279,79
4294967279,78
4294967279,77
4294967279,76
4294967279,75
4294967279,74
4294967279,73
4294967279,71
4294967279,70
4294967279,68
4294967279,67
4294967279,65
4294967279,64
4294967279,525
4294967279,62
4294967279,61
4294967279,59
4294967279,57
4294967279,56
4294967279,54
4294967279,53
4294967279,51
4294967279,50
4294967279,232
4294967279,48
4294967279,46
4294967279,363
4294967279,45
4294967279,43
4294967279,156
4294967279,42
4294967279,40
4294967279,39
4294967279,38
4294967279,37
4294967279,35
4294967279,34
4294967279,33
4294967279,32
4294967279,30
4294967279,29
4294967279,27
4294967279,26
4294967279,25
4294967279,24
4294967279,22
4294967279,21
4294967279,20
4294967279,18
4294967279,16
4294967279,13
4294967279,12
4294967294,421
4294967294,97
4294967294,1166
4294967294,1163
4294967294,1019
4294967294,992
4294967294,989
4294967294,987
4294967294,92
4294967294,88
4294967294,81
4294967278,220
4294967278,218
4294967278,216
4294967278,214
4294967278,213
4294967278,212
4294967278,211
4294967278,210
4294967278,209
4294967278,208
4294967278,207
4294967278,206
4294967278,205
4294967278,204
4294967278,203
4294967278,202
4294967278,201
4294967278,200
4294967278,199
4294967278,198
4294967278,197
4294967278,196
4294967278,195
4294967279,195
4294967278,194
4294967279,194
4294967278,193
4294967278,192
4294967279,192
4294967278,191
4294967278,190
4294967278,189
4294967279,189
4294967278,188
4294967278,215
4294967279,187
4294967278,186
4294967279,186
4294967278,185
4294967278,184
4294967278,183
4294967279,183
4294967278,182
4294967278,181
4294967278,180
4294967279,180
4294967278,179
4294967278,178
4294967279,178
4294967278,177
4294967278,176
4294967279,171
4294967279,169
4294967279,166
4294967279,165
4294967279,163
651,5
4294967279,155
651,4
651,3
651,2
651,1
4294967279,152
4294967294,53
4294967294,84
4294967294,89
4294967294,36
4294967294,485
4294967279,149
650,4
650,3
650,2
650,1
0,7
4294967294,96
4294967294,94
4294967279,539
4294967294,6
4294967294,9
4294967279,146
4294967294,8
4294967294,17
4294967294,39
4294967294,42
4294967294,99
4294967294,76
4294967294,41
4294967294,52
4294967294,1018
4294967294,1419
4294967279,144
4294967278,132
4294967278,402
4294967278,131
4294967278,130
4294967278,129
4294967278,420
4294967278,128
4294967278,127
4294967278,245
4294967278,126
4294967278,125
4294967278,346
4294967278,124
4294967278,310
4294967278,123
4294967278,122
4294967278,345
4294967278,121
4294967278,174
4294967278,249
4294967278,120
4294967278,400
4294967278,119
4294967278,399
4294967278,118
4294967278,316
4294967278,117
4294967278,116
4294967278,341
4294967278,115
4294967278,114
4294967278,113
4294967278,284
4294967278,112
4294967278,111
4294967278,315
4294967278,110
4294967278,229
4294967278,109
4294967278,364
4294967278,108
4294967278,107
4294967278,385
4294967278,106
4294967278,319
4294967278,105
4294967278,294
4294967278,104
4294967278,103
4294967278,102
4294967278,318
4294967278,101
4294967278,100
4294967278,256
4294967278,99
4294967278,98
4294967278,97
4294967278,255
4294967278,96
4294967278,392
4294967278,95
4294967278,293
4294967278,94
4294967278,426
4294967278,93
4294967278,92
4294967278,408
4294967278,91
4294967278,90
4294967278,89
4294967278,87
4294967278,86
4294967278,85
4294967278,84
4294967278,283
4294967278,83
4294967278,82
4294967278,306
4294967278,81
4294967278,415
4294967278,80
4294967278,303
4294967278,79
4294967278,314
4294967278,78
4294967278,77
4294967278,401
4294967278,76
4294967278,75
4294967278,74
4294967278,73
4294967278,72
4294967278,71
4294967278,302
4294967278,70
4294967278,407
4294967278,69
4294967278,68
4294967278,397
4294967278,67
4294967278,66
4294967278,65
4294967278,64
4294967278,63
4294967278,62
4294967278,61
4294967278,348
4294967278,393
4294967278,0
4294967278,260
4294967279,82
4294967279,80
4294967279,360
4294967279,560
4294967279,285
4294967279,72
4294967279,297
4294967279,69
4294967279,66
4294967279,63
